#Column A. Day of the year
#Column B. Time in hours.minutes
#Column B. Tide Height in feet
 1  8.12  6.57
 1 15.62 -0.39
 2  8.92  5.38
 2 16.42 -1.74
 3  9.75  5.26
 3 17.23 -1.36
 4 10.58  4.13
 4 18.00 -1.15
 5 11.47  3.48
 5 18.77 -1.61
 6 12.37  2.62
 6 19.52  0.05
 7 13.40  1.83
 7 20.27  1.01
 8  3.37  3.57
 8 21.02  0.73
 9  4.12  4.54
 9 21.77  2.17
10  4.83  3.76
10 11.97  2.88
11  5.52  3.90
11 12.93  1.92
12  6.13  4.73
12 13.75  1.74
13  6.78  5.66
13 14.42  0.79
14  7.37  5.33
14 15.00 -0.04
15  7.98  5.23
15 15.57 -1.12
16  8.57  6.67
16 16.13 -0.61
17  9.17  4.74
17 16.68 -0.93
18  9.75  4.69
18 17.20 -1.29
19 10.35  4.20
19 17.75  0.22
20 10.95  3.68
20 18.25  0.26
21 11.63  2.47
21 18.80  0.36
22 12.42  2.59
22 19.33  0.99
23  2.37  4.10
23 19.87  1.87
24  2.97  3.17
24 20.50  1.60
25  3.62  3.71
25 10.73  3.10
26  4.38  4.04
26 11.92  2.49
27  5.25  4.07
27 12.95  2.18
28  6.15  5.93
28 13.83  0.70
29  7.08  6.89
29 14.65  0.21
30  7.97  6.72
30 15.45  0.22
31  8.83  6.77
31 16.17 -1.68
32  9.67  5.77
32 16.87 -1.32
33 10.50  4.35
33 17.57 -0.73
34 11.32  4.23
34 18.20 -0.38
35 12.17  2.24
35 18.82 -0.61
36  1.53  3.45
36 19.40 -0.46
37  2.22  4.13
37 20.00  1.21
38  2.90  3.34
38  9.90  2.58
39  3.65  3.32
39 11.25  3.26
40  4.48  5.21
40 12.37  2.39
41  5.35  4.83
41 13.23  2.41
